$ANSIBLE_VAULT;1.1;AES256
32383762306466393065616433356637346334626565316334313939336364376262313330636633
3230356566613937393533316461643336666230313935380a363839623061336438636535373833
63633836323562313635333264346661343034336639363331383465613137376337396636333461
3566376633386639300a373733323462623437386566393832383863636262353736336663306633
63346139666430616230636666373063386236653334316166396334363539343364633566366139
64303535363837663039396532323333653663643738613430343536666238663139613136383062
62303264316330646339663038653261346164343133383762303738396338356638323036343232
36326332636164326561313364333661323432373963353037366539613837363161633462393861
63653132346237343035316164326631353130643934343538323762623232626639306563663165
36376561346331363630396436623137643536386336643431636631616466616561333834326361
62393039636430383237656638303836633136386661616131316630333662663234653430613361
31346438346135303039626566366535656536316265646165313463613766646435633731393665
6638
