$ANSIBLE_VAULT;1.1;AES256
65303632373938303932303030383363343461303239353361613165303939333861386231386535
6234653163333963343465616439393134333035623864300a636664333936623266633939303265
62323135353365363566623233353638343133323966353734386663323265343762336533346133
3866343635316534340a353663626564626431373533626636613335643339666631633364373837
30623036613264303564643935623133336638666266316462346233663430613963386135616465
66353236363564363939623661653133633762626139363066636638646662303364383839313664
39323861306466353763656335336538393830643536626663666637393537393961656566656665
37363664356637333133383130663239313863343361663565373234323436643234333532653266
33643734306335333039653962393536376435623332626534346132653137643466373664323838
61626261316164656433363231323837356538653634363036323233306332623233646165306662
34646638373435303363663861656438313838623131323864363838613864306338643739373036
34666466383939306531333861383432363665393665313563663232333433343337333164353138
35353462306565653438303132353230646633343065386661613732396437613931313332613366
35306439373732626165316232653761663931643665393863356331316563666364306337383163
32386330396336666632313463356161343535343766626466633430333865303962326632623531
33396239386363373266313562346436626661613632316464656137643761623662643936326662
62633264323734346364303033336138663464313263616563373965653335663630316566653231
64386166663364643464623431393765336232373735353035366335623733333365326266376139
36353634363932373163323965636361303466333434623135633461346635333338366135356164
38663433386639386266333862313264623237363734306639663236303139663635303632366633
31386133623764373136616364343662393830343139366364653635363037643361333232633235
66656565373664323830653665643736373235343338616330333939336532633862393432353963
38353330623739373737353630363531663031616138323632613863333036303065623035316531
63633136616636636161653963353065353734616138663138333864303935383032323230346263
65333435336338386365376561616333613365643935383165666361393539323566323934633739
39666136343631323439333964336339653065353062343638336138613466633362346532643730
32623334623565336538663866363637393637326639323963623966656438343465616435646433
66623335303833306531336635613661643732353962396531646461333261663132613035313562
38663466363265333163613831393563313633356138363666333331363962616630363437396565
39663161663262393266616231353234386231383739383665306535313538613334616466613733
64663738636236386135343866393462613536326437366632386237363630653666373566373635
37386238663735336666613961393361393534343139633635656466663739653230333534646261
31313263613338633164666332346335663036333961633432646265386662623836366437623733
66613866663564626132333634303161323730393965646364646262636664316432363735326136
38653639393734386663613665393038343331323732636534316633663630383965396639663239
61646163653064323361643236313965323833333335313738333639366161393936353266303838
34376437366165646133326632396565626431323035353033313963343837316433343534343638
64316333643236633462303939636162323966346235633134333636623534633062393033623462
32346565353633366130303033336332626535346564353232643135366166366466613761373830
62333464656236663761303034626238346565326331383766383636653033393639353164343366
66373330303766363431396636643062383963613138323966323666353766653263393933613930
36386264383565393036306536346333393664623664616538396136383234613433396633633133
36613635656466666234623562356666346434663439313131363762326233393735623934333262
64616564663063316562653235313431363233653630633762613932333439333932363830626239
31393262386130666636353866346239366230613036303234633432623462313633656338353363
61386337343238343730386635343930656334663638396537656663363635633963386165626132
33376337653832663434666231316139393136613832626636623135356532383630386465336538
36306462326263663738323237663135333964633030306363353031613034633463343962383137
37373464346666656633313630653830613030626130346536346464316663626261393739663336
33323430303764326631613465373737616466666431303836333831396133386132643634386334
31316461383033646462396364346135653731643137623439303232646533336139376535346633
39386138633965613462653630623961323066326132346138303961663635646436613139363964
38386363613836396236343138636662613937643032336338646633666262323433653035663765
34313532363031613835396465363463303636663361363438336564323336303165396539646438
38333435343538646636393261393136363238383239633837643438613636306464366333633830
61356637346434336637373864656331376134346662383535353731663239373961303031363739
36666466356334343132393932343838333736613963326537346264326339626335633231363664
61633439346633643939313962363761333837333038653039396136376230663931363535393965
61353566303362323535383431346663336663646366326636326563353130643638356332316566
34643764373264363665373532313035666565373330323466323561633635346338653632313030
38343966346639336635373333366536663637383266636539626337303063363138316566656333
39333962383065623763363436303431613064623766353030623562333833636339383765363730
36633539336562656230373164646662663231653861656536643563306263653036376265616562
62633035303836333039393434336263616636316132303434643761363931616563376663343365
32663232346231376461393537383265396463383163623831356436643765333534643762316366
38353534363666633734383732396566636531376536323731323062396633373337383237383665
65303161323133363866383230353964343565643430353536313833623062303964646234643630
63376161323837343333313530346365336636393136653563336437633733313963643537623430
33323265626232613231646438383030346463646161613935613330353435663433326634383539
33346364653638386537636536323736363036633832376334636436316165396361633065636536
38363764376465366635666632326161393834303234306134363336396238386166303165363738
35656137393131303265393961343562646230383864303735323331363865613037326463393335
65333338663233336135316632366438333830646538306561613664666632373630613831373862
33666132623662313766626166633565353635383439366638636132626533376662343639373132
66393765363930376463643364363662386362343733636535666634396564623535343762353236
34666537346262313434643535663535666262326134363065366561623931303561653064363136
64333433323562636634336536393838613136306366333531393766316262613662343264366136
61643037393733366464653565383633633034613131333361383964316366323033613039343663
37666562323665376339336336643230666132373466636661353930623838663037663032633662
37633733653132343031383931623263313262646332313966363738386537316631373965646530
38656566393431623866623436306532386663386537393764373564656131323833343262323436
39306238313736353561623630323333373366396563653561656163353830383132306135643331
34323338346132653261656462316536346135323436633462653561383962626139633134353864
62303934376432336366633736653361383839316666343338346163613234613465333230663236
34643661643161633432643335363234623734313062336439626331376338663836346230356163
36336637643434313536343937633739393136393236376461356631303136313766313762663961
34396663313835396539643462303434613834363535343630373134383030626630613361306638
36626633623235383765626130643536623237346534393536323835653539653039386235626632
32393663613738356530333539333665663938313733623032666130666162653035363762373531
65326336316663343739353236363465373836653938356161383234363538353962303230303463
62643031393337306463663730393766646537616433326133303532396263636461313962646465
64633966333364323034636533343466386632653566363937663133303034666332303838316437
39303231376364646136643239393563653031663364353637643261323136366438613134633432
33663661383437393262383762356466313563303437333832323062646138666335366539653462
39346663303238313032313839616264626539386330376363636166353438383532383030623031
39343839346532613531386334623037613737643437383433313137346261303162653936303537
35613535613236636139303635646433373361303462636463303731316635366462326332643537
61616635336562663062613939326533653166626162343535373933633964623735656265666534
62646238353435313834613338376534373431366135393530323962353439343363626362636337
66343034353332313264623535616565666665373964393966303934383865343434336433393164
33373062376135613461313466356465643233646132623431356134316139383162363364666132
37656137636665343434333730663034663032373630646230366261383264373032376431616639
66643362393135653237653031336161663131626531393566326530313533656231636166386362
37313662316437313839353264613433663836653263373235343737643762633862316337653932
39666662343138323037663737343330373834346630643837623539333438303534333931326262
32656533346262623562346336653363383432313630383736333864363163626364363633343162
36383832376661356532316262373332623766373965663633643061666131386131653335653538
62633030666533343565383762393532663737353638323764316236656639653265636432643063
33613836393665633836343861383334663136333439663566623065393534333264356433663333
64653764613135383961303633323765633734333736373636623437343631366263383738626532
61663935353835356636366438393237373863666138323936336565396437663731363163653961
66633831613738616161326531616564633338333932643261326261633965346231346664626532
62346430346238373935636566306364313666326534643836666331393639386234643866333436
30613163633165656138343464663964653732363263623337613537643466356437643336333638
38333261376132656665376238356338626465626539356566376135666435626231333035333461
31363861626465306263386538386365366437373833653130346131633864616161346533663165
34656331316261653839343665306632326363373530356363626166316266306333366630663131
37333664663266653739656161616438393834326566363762636337376435323134393931353166
36626631393030343831336439633165303936353734353233653831333033383633623263393235
32663536666239623966633532393030313432653331386434313264366563653362666163303938
62343933306338306438313831336637313664303864326166303134353535626566396563623130
30613163383231373131346361306134346562613036396630353137653064396137663332353134
66663733636139616431336137636331643230326635383462623730663739636435633536633639
63353638373764313933343437663266636630353765383136346333643237643666323362656539
31376461316332643833616235616338303131333466366261666230393032316638393466343230
39323934323834326365336661663536643038303432333037323136663564303765356235616134
33343264643236626532666531376534313535613733306439366134363663353533663366663261
32353237623535383636663731373063303435643735373231383437313031303362636162373265
34366132653835666666623833343637653939613066306663653961333034343932396630613530
66393230316261303033393434623730353135393634336666656163346466613236353034643035
64306332646333643637313264653464336131346165653138336365396332633639656564343138
64313162386635396363323637646632656337363734346363656662323737636133643061613331
61363939346163626565383464316361313535336263653538393462313032373064346336383863
37303934333039343263303661316431643664643064303934306437623533393663333039313232
38316666333038346532363739616165366334343730306232333861643537393661633535663833
36303236626565656635653235363462363939646533323132613766323930366466393364633233
66346538373039333064343434366430613537646631386666353062396632633232346632383731
37663262393838386539303562353835363330613030303430373339653861393235313335613764
65336635356165303636313464353066383634623065373439663364613664616434383439313034
62623833386631383831613065666162653732363065623133353532363334643530323164386561
35643736393866613130353630393762303632616238656332303864333463366631386338643430
36653537663464653039343231613134663835653562333134666265633833646335323035616137
63653437343864393038623838326466363238396564643734373966626362393662633164363539
61613336373233393135343232656265636630346131316536633538653135613862373532373535
30666330616362663132353763613235373337633332613661313630316363653636643633383566
65363663353564353734323364616239343236616339363264396132356330616436616534383039
66333330336530306637343739313432363563323565323131633139353164383532366536653666
35643065323962343032373261326439653739646336316434336461353461353665313331666638
37653636653362613964316664346365363933633332653861306434393633353834383833396665
33356635666630346462303261633533353134333462313937356233326336396262303532376630
66313735333434633464366436383532346665646537663966386238366161653335373938623834
38663333656261343435306466313634613335356439323433303537353034653131383838333139
66303366653038346261353231303034613665626338336239303534313131386133643139623064
36346565613164616236643266643934636262313736363232663833303265623038343935653664
38666134323236383937353737393139336139663062633766373437646432383439646530636661
33616235303432643934666663613331373330666332313363336661653535623132646364306339
35623564653061666663346566363237663564613862663230366438613438303339346532303037
32653431376363303262383232613336313465373065313434636634626265663034613166643166
32666566643530616338363333346665636664333465346465616133623165376333333736666237
64653036316566666362333665333864653138633236623036666638323036633137373562623335
66343063303863653534386139653531623430336232653831313733636463343561346164653039
66383032353831383264346630613834633735373663663365646663646565333439333461396166
33663736386335353938663137666364613432303239396631373566363061393338343834646632
30373339346632613432313464383539633635393738393961336432646231313862356263343536
66646533636331343764353765343165616234346362373137316266336338663636656535663866
39336637393463666661316465663661376136626232346662383661393031313762616632306236
35323965383033396538633561396330373937663439363338313164306239633262393837663736
32316633323763653365353331303533303232333564656462316462393964643763616138343838
34373936643562656337393532323161663030386265663435366134363136303665386230666335
32323166316562623763383638386566613531343162613636613437343235386637316430653331
30353535626235663536326263386135313264653066643163333162353765313439323132386634
66313962666635366339333035356336623761313934663132383463333639643733613132626430
62336662393738346663663836313064373337373231323835393766356134326566633938613334
64663132353638366630623461353035663735366435633266316336316333323331626532333338
64333862323035373238396566653062383539346662646337636137336236366439626335376464
35393235313665623531366234356330626162326561376437313362663335316335316533323832
35363632653763626665356362363332343032313334313033653138306662376261373632303333
33656339653537383361646463663562343164643165383138333964383336363561326132363663
35313539383334363937343962636434383834653363313266346533646131343763313434616130
61353131393536313738663937336131356230613234303031623463306438373035383339343930
37626437666363333133373435616165656439396433373635366566643964613638326466316661
36373232356233346133343731656533356638313537373335616364396533386234333566326366
303238333562366166323665313537356239
